manuscript: 0.5222617546509533
coordination: 0.501521430208856
procedure: 0.43591615133624545
analysis: 0.42158940039269266
material: 0.37421184851954853
advice: 0.32719652357643425
