material: 0.37083756477730434
analysis: 0.4166574951295107
procedure: 0.4378611979418874
advice: 0.3247389145462111
manuscript: 0.5231371308011564
general: 0.5020047696184539
