material: 0.37785524472203347
analysis: 0.4135678104090418
procedure: 0.437050376027815
advice: 0.32558461418414725
