manuscript: 0.5231371308011564
coordination: 0.5035703949593024
procedure: 0.4378611979418874
analysis: 0.4166574951295107
material: 0.37083756477730434
advice: 0.3247389145462111

